lambda = 0.25
0    	1    	2    	3    	4    	5    	6    	7    	8    	9    	10   	11   	12   	13   	14   	
0    	2187 	3870 	5285 	6298 	7129 	7727 	8217 	8586 	8908 	9159 	9353 	9491 	9605 	9691 	

lambda = 0.50
0    	1    	2    	3    	4    	5    	6    	7    	8    	9    	10   	11   	12   	13   	14   	
0    	3885 	6305 	7809 	8668 	9203 	9521 	9690 	9816 	9891 	9941 	9972 	9985 	9987 	9992 	

lambda = 1.00
0    	1    	2    	3    	4    	5    	6    	7    	8    	9    	10   	11   	12   	13   	14   	
0    	6315 	8684 	9525 	9841 	9947 	9977 	9989 	9997 	9999 	10001	10001	10001	10001	10001	

lambda = 2.00
0    	1    	2    	3    	4    	5    	6    	7    	8    	9    	10   	11   	12   	13   	14   	
0    	8636 	9817 	9973 	9999 	10001	10001	10001	10001	10001	10001	10001	10001	10001	10001	